1000
0 0
3 7
6 14
9 21
12 28
15 35
18 42
21 49
24 56
27 63
30 70
33 77
36 84
39 91
42 98
45 105
48 112
51 119
54 126
57 133
60 140
63 147
66 154
69 161
72 168
75 175
78 182
81 189
84 196
87 203
90 210
93 217
96 224
99 231
102 238
105 245
108 252
111 259
114 266
117 273
120 280
123 287
126 294
129 301
132 308
135 315
138 322
141 329
144 336
147 343
150 350
153 357
156 364
159 371
162 378
165 385
168 392
171 399
174 406
177 413
180 420
183 427
186 434
189 441
192 448
195 455
198 462
201 469
204 476
207 483
210 490
213 497
216 504
219 511
222 518
225 525
228 532
231 539
234 546
237 553
240 560
243 567
246 574
249 581
252 588
255 595
258 602
261 609
264 616
267 623
270 630
273 637
276 644
279 651
282 658
285 665
288 672
291 679
294 686
297 693
300 700
303 707
306 714
309 721
312 728
315 735
318 742
321 749
324 756
327 763
330 770
333 777
336 784
339 791
342 798
345 805
348 812
351 819
354 826
357 833
360 840
363 847
366 854
369 861
372 868
375 875
378 882
381 889
384 896
387 903
390 910
393 917
396 924
399 931
402 938
405 945
408 952
411 959
414 966
417 973
420 980
423 987
426 994
429 1
432 8
435 15
438 22
441 29
444 36
447 43
450 50
453 57
456 64
459 71
462 78
465 85
468 92
471 99
474 106
477 113
480 120
483 127
486 134
489 141
492 148
495 155
498 162
501 169
504 176
507 183
510 190
513 197
516 204
519 211
522 218
525 225
528 232
531 239
534 246
537 253
540 260
543 267
546 274
549 281
552 288
555 295
558 302
561 309
564 316
567 323
570 330
573 337
576 344
579 351
582 358
585 365
588 372
591 379
594 386
597 393
600 400
603 407
606 414
609 421
612 428
615 435
618 442
621 449
624 456
627 463
630 470
633 477
636 484
639 491
642 498
645 505
648 512
651 519
654 526
657 533
660 540
663 547
666 554
669 561
672 568
675 575
678 582
681 589
684 596
687 603
690 610
693 617
696 624
699 631
702 638
705 645
708 652
711 659
714 666
717 673
720 680
723 687
726 694
729 701
732 708
735 715
738 722
741 729
744 736
747 743
750 750
753 757
756 764
759 771
762 778
765 785
768 792
771 799
774 806
777 813
780 820
783 827
786 834
789 841
792 848
795 855
798 862
801 869
804 876
807 883
810 890
813 897
816 904
819 911
822 918
825 925
828 932
831 939
834 946
837 953
840 960
843 967
846 974
849 981
852 988
855 995
858 2
861 9
864 16
867 23
870 30
873 37
876 44
879 51
882 58
885 65
888 72
891 79
894 86
897 93
900 100
903 107
906 114
909 121
912 128
915 135
918 142
921 149
924 156
927 163
930 170
933 177
936 184
939 191
942 198
945 205
948 212
951 219
954 226
957 233
960 240
963 247
966 254
969 261
972 268
975 275
978 282
981 289
984 296
987 303
990 310
993 317
996 324
999 331
2 338
5 345
8 352
11 359
14 366
17 373
20 380
23 387
26 394
29 401
32 408
35 415
38 422
41 429
44 436
47 443
50 450
53 457
56 464
59 471
62 478
65 485
68 492
71 499
74 506
77 513
80 520
83 527
86 534
89 541
92 548
95 555
98 562
101 569
104 576
107 583
110 590
113 597
116 604
119 611
122 618
125 625
128 632
131 639
134 646
137 653
140 660
143 667
146 674
149 681
152 688
155 695
158 702
161 709
164 716
167 723
170 730
173 737
176 744
179 751
182 758
185 765
188 772
191 779
194 786
197 793
200 800
203 807
206 814
209 821
212 828
215 835
218 842
221 849
224 856
227 863
230 870
233 877
236 884
239 891
242 898
245 905
248 912
251 919
254 926
257 933
260 940
263 947
266 954
269 961
272 968
275 975
278 982
281 989
284 996
287 3
290 10
293 17
296 24
299 31
302 38
305 45
308 52
311 59
314 66
317 73
320 80
323 87
326 94
329 101
332 108
335 115
338 122
341 129
344 136
347 143
350 150
353 157
356 164
359 171
362 178
365 185
368 192
371 199
374 206
377 213
380 220
383 227
386 234
389 241
392 248
395 255
398 262
401 269
404 276
407 283
410 290
413 297
416 304
419 311
422 318
425 325
428 332
431 339
434 346
437 353
440 360
443 367
446 374
449 381
452 388
455 395
458 402
461 409
464 416
467 423
470 430
473 437
476 444
479 451
482 458
485 465
488 472
491 479
494 486
497 493
500 500
503 507
506 514
509 521
512 528
515 535
518 542
521 549
524 556
527 563
530 570
533 577
536 584
539 591
542 598
545 605
548 612
551 619
554 626
557 633
560 640
563 647
566 654
569 661
572 668
575 675
578 682
581 689
584 696
587 703
590 710
593 717
596 724
599 731
602 738
605 745
608 752
611 759
614 766
617 773
620 780
623 787
626 794
629 801
632 808
635 815
638 822
641 829
644 836
647 843
650 850
653 857
656 864
659 871
662 878
665 885
668 892
671 899
674 906
677 913
680 920
683 927
686 934
689 941
692 948
695 955
698 962
701 969
704 976
707 983
710 990
713 997
716 4
719 11
722 18
725 25
728 32
731 39
734 46
737 53
740 60
743 67
746 74
749 81
752 88
755 95
758 102
761 109
764 116
767 123
770 130
773 137
776 144
779 151
782 158
785 165
788 172
791 179
794 186
797 193
800 200
803 207
806 214
809 221
812 228
815 235
818 242
821 249
824 256
827 263
830 270
833 277
836 284
839 291
842 298
845 305
848 312
851 319
854 326
857 333
860 340
863 347
866 354
869 361
872 368
875 375
878 382
881 389
884 396
887 403
890 410
893 417
896 424
899 431
902 438
905 445
908 452
911 459
914 466
917 473
920 480
923 487
926 494
929 501
932 508
935 515
938 522
941 529
944 536
947 543
950 550
953 557
956 564
959 571
962 578
965 585
968 592
971 599
974 606
977 613
980 620
983 627
986 634
989 641
992 648
995 655
998 662
1 669
4 676
7 683
10 690
13 697
16 704
19 711
22 718
25 725
28 732
31 739
34 746
37 753
40 760
43 767
46 774
49 781
52 788
55 795
58 802
61 809
64 816
67 823
70 830
73 837
76 844
79 851
82 858
85 865
88 872
91 879
94 886
97 893
100 900
103 907
106 914
109 921
112 928
115 935
118 942
121 949
124 956
127 963
130 970
133 977
136 984
139 991
142 998
145 5
148 12
151 19
154 26
157 33
160 40
163 47
166 54
169 61
172 68
175 75
178 82
181 89
184 96
187 103
190 110
193 117
196 124
199 131
202 138
205 145
208 152
211 159
214 166
217 173
220 180
223 187
226 194
229 201
232 208
235 215
238 222
241 229
244 236
247 243
250 250
253 257
256 264
259 271
262 278
265 285
268 292
271 299
274 306
277 313
280 320
283 327
286 334
289 341
292 348
295 355
298 362
301 369
304 376
307 383
310 390
313 397
316 404
319 411
322 418
325 425
328 432
331 439
334 446
337 453
340 460
343 467
346 474
349 481
352 488
355 495
358 502
361 509
364 516
367 523
370 530
373 537
376 544
379 551
382 558
385 565
388 572
391 579
394 586
397 593
400 600
403 607
406 614
409 621
412 628
415 635
418 642
421 649
424 656
427 663
430 670
433 677
436 684
439 691
442 698
445 705
448 712
451 719
454 726
457 733
460 740
463 747
466 754
469 761
472 768
475 775
478 782
481 789
484 796
487 803
490 810
493 817
496 824
499 831
502 838
505 845
508 852
511 859
514 866
517 873
520 880
523 887
526 894
529 901
532 908
535 915
538 922
541 929
544 936
547 943
550 950
553 957
556 964
559 971
562 978
565 985
568 992
571 999
574 6
577 13
580 20
583 27
586 34
589 41
592 48
595 55
598 62
601 69
604 76
607 83
610 90
613 97
616 104
619 111
622 118
625 125
628 132
631 139
634 146
637 153
640 160
643 167
646 174
649 181
652 188
655 195
658 202
661 209
664 216
667 223
670 230
673 237
676 244
679 251
682 258
685 265
688 272
691 279
694 286
697 293
700 300
703 307
706 314
709 321
712 328
715 335
718 342
721 349
724 356
727 363
730 370
733 377
736 384
739 391
742 398
745 405
748 412
751 419
754 426
757 433
760 440
763 447
766 454
769 461
772 468
775 475
778 482
781 489
784 496
787 503
790 510
793 517
796 524
799 531
802 538
805 545
808 552
811 559
814 566
817 573
820 580
823 587
826 594
829 601
832 608
835 615
838 622
841 629
844 636
847 643
850 650
853 657
856 664
859 671
862 678
865 685
868 692
871 699
874 706
877 713
880 720
883 727
886 734
889 741
892 748
895 755
898 762
901 769
904 776
907 783
910 790
913 797
916 804
919 811
922 818
925 825
928 832
931 839
934 846
937 853
940 860
943 867
946 874
949 881
952 888
955 895
958 902
961 909
964 916
967 923
970 930
973 937
976 944
979 951
982 958
985 965
988 972
991 979
994 986
997 993
